mean: 10.8726576489
std: 0.0240987603083
N: 28
min: 10.8254649009
1st quartile: 10.8584156671
median: 10.8795972021
3rd quartile: 10.8886612789
max: 10.9134257962
IQR: 0.0302456117958
Start Date/Time: 2018-06-25 02:13:26.297000 UTC
End Date/Time: 2018-06-25 02:48:53.698000 UTC