mean: 12.3365935825
std: 0.0327670864066
N: 27
min: 12.2965828701
1st quartile: 12.3162716467
median: 12.3338897156
3rd quartile: 12.3515077231
max: 12.4592275568
IQR: 0.0352360764591
Start Date/Time: 2018-06-25 02:13:26.297000 UTC
End Date/Time: 2018-06-25 02:48:53.698000 UTC