mean: 12.3519981626
std: 0.032744583613
N: 27
min: 12.3092540726
1st quartile: 12.3349985184
median: 12.3461444825
3rd quartile: 12.3615358815
max: 12.4666122049
IQR: 0.0265373631139
Start Date/Time: 2018-06-25 02:13:26.297000 UTC
End Date/Time: 2018-06-25 02:48:53.698000 UTC