mean: 12.3562047808
std: 0.0737589516156
N: 26
min: 12.2070715445
1st quartile: 12.3109799139
median: 12.3577932814
3rd quartile: 12.3958380373
max: 12.5403101088
IQR: 0.0848581233906
Start Date/Time: 2018-06-25 02:13:26.297000 UTC
End Date/Time: 2018-06-25 02:48:53.698000 UTC