mean: 12.3401135715
std: 0.0340550553837
N: 26
min: 12.3005894449
1st quartile: 12.316259501
median: 12.3355861297
3rd quartile: 12.3570289927
max: 12.4625892291
IQR: 0.0407694917791
Start Date/Time: 2018-06-25 02:13:26.297000 UTC
End Date/Time: 2018-06-25 02:48:53.698000 UTC