mean: 12.3400320467
std: 0.0339448969623
N: 26
min: 12.3000047874
1st quartile: 12.3162644633
median: 12.3353721846
3rd quartile: 12.3566909309
max: 12.4621799972
IQR: 0.0404264675839
Start Date/Time: 2018-06-25 02:13:26.297000 UTC
End Date/Time: 2018-06-25 02:48:53.698000 UTC