mean: 12.3520164202
std: 0.033334197294
N: 26
min: 12.3086178894
1st quartile: 12.3349270848
median: 12.345544918
3rd quartile: 12.362297255
max: 12.4660495952
IQR: 0.0273701701782
Start Date/Time: 2018-06-25 02:13:26.297000 UTC
End Date/Time: 2018-06-25 02:48:53.698000 UTC