mean: 12.2934862748
std: 0.047990214022
N: 50
min: 12.1362759341
1st quartile: 12.2646364571
median: 12.2921362936
3rd quartile: 12.32987333
max: 12.3830196584
IQR: 0.0652368729445
Start Date/Time: 2018-07-29 01:01:22.853000 UTC
End Date/Time: 2018-07-29 01:18:04.041000 UTC