mean: 9.83644733722
std: 0.0123024004448
N: 27
min: 9.81628918041
1st quartile: 9.82701939707
median: 9.83510931046
3rd quartile: 9.84201460386
max: 9.86303910131
IQR: 0.0149952067941
Start Date/Time: 2018-06-25 02:13:26.297000 UTC
End Date/Time: 2018-06-25 02:48:53.698000 UTC