mean: 12.3378838633
std: 0.0281569231211
N: 38
min: 12.2965828701
1st quartile: 12.3207259605
median: 12.3344533078
3rd quartile: 12.3491296206
max: 12.4592275568
IQR: 0.0284036600671
Start Date/Time: 2018-06-25 02:13:26.297000 UTC
End Date/Time: 2018-06-25 02:48:53.698000 UTC