mean: 8.29023121956
std: 0.0421140659579
N: 52
min: 8.21241040747
1st quartile: 8.2514818577
median: 8.29146396075
3rd quartile: 8.32145521465
max: 8.38002965707
IQR: 0.0699733569535
Start Date/Time: 2018-07-29 01:01:22.853000 UTC
End Date/Time: 2018-07-29 01:18:04.041000 UTC