mean: 11.848448574
std: 0.0646419934173
N: 51
min: 11.5824239802
1st quartile: 11.8188269394
median: 11.8471061407
3rd quartile: 11.8897977559
max: 11.9627972653
IQR: 0.070970816516
Start Date/Time: 2018-07-29 01:01:22.853000 UTC
End Date/Time: 2018-07-29 01:18:04.041000 UTC