xmean: 9.72734854472
std: 0.0385416090232
N: 28
min: 9.66991037955
1st quartile: 9.70258188482
median: 9.7187968617
3rd quartile: 9.74676127417
max: 9.8490059483
IQR: 0.0441793893513
Start Date/Time: 2018-06-25 02:13:26.297000 UTC
End Date/Time: 2018-06-25 02:48:53.698000 UTC