mean: 10.0108238734
std: 1.26003828771
N: 30
min: 5.29996345738
1st quartile: 10.2984995866
median: 10.3515031539
3rd quartile: 10.3794771806
max: 10.4769819498
IQR: 0.0809775940428
Start Date/Time: 2018-06-25 02:13:26.297000 UTC
End Date/Time: 2018-06-25 02:48:53.698000 UTC