mean: 11.9611046845
std: 0.0601382255186
N: 51
min: 11.7905013125
1st quartile: 11.9312172153
median: 11.975377594
3rd quartile: 11.9911602413
max: 12.0642175321
IQR: 0.0599430260268
Start Date/Time: 2018-07-29 01:01:22.853000 UTC
End Date/Time: 2018-07-29 01:18:04.041000 UTC