mean: 10.8510581737
std: 0.0201899281704
N: 26
min: 10.804460732
1st quartile: 10.8386023082
median: 10.8506793983
3rd quartile: 10.8620977698
max: 10.8975109341
IQR: 0.0234954615943
Start Date/Time: 2018-06-25 02:13:26.297000 UTC
End Date/Time: 2018-06-25 02:48:53.698000 UTC