mean: 9.77005836029
std: 0.0113208742759
N: 27
min: 9.73981167633
1st quartile: 9.76439066851
median: 9.77095153088
3rd quartile: 9.77731890994
max: 9.79311786227
IQR: 0.0129282414345
Start Date/Time: 2018-06-25 02:13:26.297000 UTC
End Date/Time: 2018-06-25 02:48:53.698000 UTC