mean: 12.0853501246
std: 0.076296856413
N: 51
min: 11.8355424411
1st quartile: 12.0515356014
median: 12.0818282145
3rd quartile: 12.1261267836
max: 12.3863568423
IQR: 0.074591182255
Start Date/Time: 2018-07-29 01:01:22.853000 UTC
End Date/Time: 2018-07-29 01:18:04.041000 UTC