mean: 10.4224478024
std: 0.0132842958645
N: 27
min: 10.4027634298
1st quartile: 10.4139367244
median: 10.4212938299
3rd quartile: 10.4281881563
max: 10.4529118649
IQR: 0.0142514318748
Start Date/Time: 2018-06-25 02:13:26.297000 UTC
End Date/Time: 2018-06-25 02:48:53.698000 UTC