mean: 10.8809158021
std: 0.0123388683433
N: 27
min: 10.8627480132
1st quartile: 10.8700424285
median: 10.8798486218
3rd quartile: 10.8888872752
max: 10.9066766501
IQR: 0.0188448467257
Start Date/Time: 2018-06-25 02:13:26.297000 UTC
End Date/Time: 2018-06-25 02:48:53.698000 UTC